Bear:26.0 92.23782737932025 0.044921875 0.899 0.007142808401898164 0.1558266527034269 2812.0036846145463
Bear:113.0 92.23782737932025 0.044921875 0.899 0.007142808401898164 0.30260002951466936 2812.0036846145463
Bear:122.0 92.23782737932025 0.044921875 0.899 0.007142808401898164 0.24988205009322748 2812.0036846145463
Bear:124.0 92.23782737932025 0.044921875 0.899 0.007142808401898164 0.24517427479395376 2812.0036846145463
Bear:132.0 92.23782737932025 0.044921875 0.899 0.007142808401898164 0.3224385786398685 2812.0036846145463
Bear:127.0 92.23782737932025 0.044921875 0.899 0.007142808401898164 0.3332321868745462 2812.0036846145463
Bear:136.0 92.23782737932025 0.044921875 0.899 0.007142808401898164 0.3282788764245757 2812.0036846145463
Bear:133.0 92.23782737932025 0.044921875 0.899 0.007142808401898164 0.39313188947492406 2812.0036846145463
Bear:133.0 92.23782737932025 0.044921875 0.899 0.007142808401898164 0.28889816842880034 2812.0036846145463
Bear:145.0 92.23782737932025 0.044921875 0.899 0.007142808401898164 0.34797214102652857 2812.0036846145463
Bear:153.0 92.23782737932025 0.044921875 0.899 0.007142808401898164 0.2806975122873627 2812.0036846145463
Bear:153.0 92.23782737932025 0.044921875 0.899 0.007142808401898164 0.28841708471217803 2812.0036846145463
Bear:153.0 92.23782737932025 0.044921875 0.899 0.007142808401898164 0.25815263999522536 2812.0036846145463
Bear:151.0 92.23782737932025 0.044921875 0.899 0.007142808401898164 0.1680249346503962 2812.0036846145463
Bear:147.0 92.23782737932025 0.044921875 0.899 0.007142808401898164 0.10430116685387392 2812.0036846145463
Bear:129.0 92.23782737932025 0.044921875 0.899 0.007142808401898164 0.07186432803611162 2812.0036846145463
Bear:133.0 92.23782737932025 0.044921875 0.899 0.007142808401898164 0.03868233145596926 2812.0036846145463
Bear:85.0 92.23782737932025 0.044921875 0.899 0.007142808401898164 0.0247973848323636 2812.0036846145463
Bison:287.0 91.02911689333982 0.1083984375 0.899 0.0036801614793613322 0.10162300359151061 11980.659726145328
Bison:304.0 91.02911689333982 0.1083984375 0.899 0.0036801614793613322 0.318127904019466 11980.659726145328
Bison:304.0 91.02911689333982 0.1083984375 0.899 0.0036801614793613322 0.3519316523049353 11980.659726145328
Bison:288.0 91.02911689333982 0.1083984375 0.899 0.0036801614793613322 0.29387298692815067 11980.659726145328
Bison:303.0 91.02911689333982 0.1083984375 0.899 0.0036801614793613322 0.31532219138829054 11980.659726145328
Bison:303.0 91.02911689333982 0.1083984375 0.899 0.0036801614793613322 0.38361824292558055 11980.659726145328
Bison:294.0 91.02911689333982 0.1083984375 0.899 0.0036801614793613322 0.4160913103309288 11980.659726145328
Bison:283.0 91.02911689333982 0.1083984375 0.899 0.0036801614793613322 0.3926110188113557 11980.659726145328
Bison:309.0 91.02911689333982 0.1083984375 0.899 0.0036801614793613322 0.26841065186598256 11980.659726145328
Bison:327.0 91.02911689333982 0.1083984375 0.899 0.0036801614793613322 0.049343423097018876 11980.659726145328
Bison:352.0 91.02911689333982 0.1083984375 0.899 0.0036801614793613322 0.0413495317205242 11980.659726145328
Bison:296.0 91.02911689333982 0.1083984375 0.899 0.0036801614793613322 0.29764901863617393 11980.659726145328
Bison:291.0 91.02911689333982 0.1083984375 0.899 0.0036801614793613322 0.25420511894652564 11980.659726145328
Bison:302.0 91.02911689333982 0.1083984375 0.899 0.0036801614793613322 0.09417962491521377 11980.659726145328
Bison:310.0 91.02911689333982 0.1083984375 0.899 0.0036801614793613322 0.040681068779277865 11980.659726145328
Bison:6.0 91.02911689333982 0.1083984375 0.899 0.0036801614793613322 0.004796844147157993 11980.659726145328
Cat:268.0 87.04587777925403 0.2744140625 0.963 2.2641457623301628E-4 0.005102397953738868 9809.7502206208
Cat:1082.0 87.04587777925403 0.2744140625 0.963 2.2641457623301628E-4 0.055158762775247394 9809.7502206208
Cat:1161.0 87.04587777925403 0.2744140625 0.963 2.2641457623301628E-4 0.07335684471271751 9809.7502206208
Cat:713.0 87.04587777925403 0.2744140625 0.963 2.2641457623301628E-4 0.00851513975742592 9809.7502206208
Cat:634.0 87.04587777925403 0.2744140625 0.963 2.2641457623301628E-4 0.00855690260169857 9809.7502206208
Cat:731.0 87.04587777925403 0.2744140625 0.963 2.2641457623301628E-4 0.032958679337841953 9809.7502206208
Cat:1419.0 87.04587777925403 0.2744140625 0.963 2.2641457623301628E-4 0.05575735285751101 9809.7502206208
Cat:973.0 87.04587777925403 0.2744140625 0.963 2.2641457623301628E-4 0.02171191976542937 9809.7502206208
Cat:1208.0 87.04587777925403 0.2744140625 0.963 2.2641457623301628E-4 0.06681489472889068 9809.7502206208
Cat:1103.0 87.04587777925403 0.2744140625 0.963 2.2641457623301628E-4 0.0690619806871918 9809.7502206208
Cat:791.0 87.04587777925403 0.2744140625 0.963 2.2641457623301628E-4 0.019318671687627395 9809.7502206208
Cat:562.0 87.04587777925403 0.2744140625 0.963 2.2641457623301628E-4 0.007877220855547954 9809.7502206208
Cat:638.0 87.04587777925403 0.2744140625 0.963 2.2641457623301628E-4 0.00928585008987292 9809.7502206208
Cat:583.0 87.04587777925403 0.2744140625 0.963 2.2641457623301628E-4 0.017557486962869358 9809.7502206208
Cat:1420.0 87.04587777925403 0.2744140625 0.963 2.2641457623301628E-4 0.07488800058327515 9809.7502206208
Cat:947.0 87.04587777925403 0.2744140625 0.963 2.2641457623301628E-4 0.0648951660027148 9809.7502206208
Cat:531.0 87.04587777925403 0.2744140625 0.963 2.2641457623301628E-4 0.00962516520947742 9809.7502206208
Cat:95.0 87.04587777925403 0.2744140625 0.963 2.2641457623301628E-4 0.0033614886461420025 9809.7502206208
Dog:318.0 91.92036933488141 0.19775390625 0.911 0.009397814923899862 0.31668318107385385 4577.664866806984
Dog:443.0 91.92036933488141 0.19775390625 0.911 0.009397814923899862 0.2863505512570198 4577.664866806984
Dog:359.0 91.92036933488141 0.19775390625 0.911 0.009397814923899862 0.1477201606138103 4577.664866806984
Dog:410.0 91.92036933488141 0.19775390625 0.911 0.009397814923899862 0.4002480876898622 4577.664866806984
Dog:388.0 91.92036933488141 0.19775390625 0.911 0.009397814923899862 0.008771357074168533 4577.664866806984
Dog:371.0 91.92036933488141 0.19775390625 0.911 0.009397814923899862 0.4117668873829918 4577.664866806984
Dog:414.0 91.92036933488141 0.19775390625 0.911 0.009397814923899862 0.03142030474600554 4577.664866806984
Dog:344.0 91.92036933488141 0.19775390625 0.911 0.009397814923899862 0.2574470710648878 4577.664866806984
Dog:424.0 91.92036933488141 0.19775390625 0.911 0.009397814923899862 0.34400640326815307 4577.664866806984
Dog:371.0 91.92036933488141 0.19775390625 0.911 0.009397814923899862 0.007973994565161256 4577.664866806984
Dog:325.0 91.92036933488141 0.19775390625 0.911 0.009397814923899862 0.00520510593220606 4577.664866806984
Dog:368.0 91.92036933488141 0.19775390625 0.911 0.009397814923899862 0.4392917000100643 4577.664866806984
Dog:453.0 91.92036933488141 0.19775390625 0.911 0.009397814923899862 0.10508002047217933 4577.664866806984
Dog:340.0 91.92036933488141 0.19775390625 0.911 0.009397814923899862 0.1731732694841425 4577.664866806984
Dog:421.0 91.92036933488141 0.19775390625 0.911 0.009397814923899862 0.4011338090428059 4577.664866806984
Dog:379.0 91.92036933488141 0.19775390625 0.911 0.009397814923899862 0.0094792780958798 4577.664866806984
Dog:376.0 91.92036933488141 0.19775390625 0.911 0.009397814923899862 0.45035500415834684 4577.664866806984
Dog:439.0 91.92036933488141 0.19775390625 0.911 0.009397814923899862 0.011544847203751317 4577.664866806984
Dog:356.0 91.92036933488141 0.19775390625 0.911 0.009397814923899862 0.38410813907023633 4577.664866806984
Dog:424.0 91.92036933488141 0.19775390625 0.911 0.009397814923899862 0.2107229119897613 4577.664866806984
Dog:344.0 91.92036933488141 0.19775390625 0.911 0.009397814923899862 0.07944528736816969 4577.664866806984
Dog:406.0 91.92036933488141 0.19775390625 0.911 0.009397814923899862 0.42760342841693394 4577.664866806984
Dog:379.0 91.92036933488141 0.19775390625 0.911 0.009397814923899862 0.00878735310933512 4577.664866806984
Dog:369.0 91.92036933488141 0.19775390625 0.911 0.009397814923899862 0.4309375922497286 4577.664866806984
Dog:391.0 91.92036933488141 0.19775390625 0.911 0.009397814923899862 0.012214133028198562 4577.664866806984
Dog:334.0 91.92036933488141 0.19775390625 0.911 0.009397814923899862 0.32771894650060224 4577.664866806984
Dog:405.0 91.92036933488141 0.19775390625 0.911 0.009397814923899862 0.2901911936256061 4577.664866806984
Dog:324.0 91.92036933488141 0.19775390625 0.911 0.009397814923899862 0.0070431468919505665 4577.664866806984
Dog:369.0 91.92036933488141 0.19775390625 0.911 0.009397814923899862 0.37753158314703505 4577.664866806984
Dog:383.0 91.92036933488141 0.19775390625 0.911 0.009397814923899862 0.013881579550960548 4577.664866806984
Dog:338.0 91.92036933488141 0.19775390625 0.911 0.009397814923899862 0.323270926710305 4577.664866806984
Dog:408.0 91.92036933488141 0.19775390625 0.911 0.009397814923899862 0.19806391651057148 4577.664866806984
Dog:368.0 91.92036933488141 0.19775390625 0.911 0.009397814923899862 0.0354755199232856 4577.664866806984
Dog:395.0 91.92036933488141 0.19775390625 0.911 0.009397814923899862 0.39982917311204313 4577.664866806984
Dog:389.0 91.92036933488141 0.19775390625 0.911 0.009397814923899862 0.0075409098122481335 4577.664866806984
Dog:370.0 91.92036933488141 0.19775390625 0.911 0.009397814923899862 0.4092946135524816 4577.664866806984
Dog:390.0 91.92036933488141 0.19775390625 0.911 0.009397814923899862 0.011138132971197229 4577.664866806984
Dog:347.0 91.92036933488141 0.19775390625 0.911 0.009397814923899862 0.28512733404426954 4577.664866806984
Dog:410.0 91.92036933488141 0.19775390625 0.911 0.009397814923899862 0.3008117675731933 4577.664866806984
Dog:340.0 91.92036933488141 0.19775390625 0.911 0.009397814923899862 0.012384526088999735 4577.664866806984
Dog:390.0 91.92036933488141 0.19775390625 0.911 0.009397814923899862 0.42063385213534993 4577.664866806984
Dog:365.0 91.92036933488141 0.19775390625 0.911 0.009397814923899862 0.007419600402497655 4577.664866806984
Dog:364.0 91.92036933488141 0.19775390625 0.911 0.009397814923899862 0.4125139057642039 4577.664866806984
Dog:415.0 91.92036933488141 0.19775390625 0.911 0.009397814923899862 0.03461800670567756 4577.664866806984
Dog:323.0 91.92036933488141 0.19775390625 0.911 0.009397814923899862 0.3096212468087214 4577.664866806984
Dog:414.0 91.92036933488141 0.19775390625 0.911 0.009397814923899862 0.2720072820543548 4577.664866806984
Dog:331.0 91.92036933488141 0.19775390625 0.911 0.009397814923899862 0.014641326168384698 4577.664866806984
Dog:392.0 91.92036933488141 0.19775390625 0.911 0.009397814923899862 0.41272903185190046 4577.664866806984
Dog:340.0 91.92036933488141 0.19775390625 0.911 0.009397814923899862 0.0063238857276916895 4577.664866806984
Elephant:847.0 90.14068477678455 0.431640625 0.907 0.006556318765602862 0.3085176634805211 10878.064352516081
Elephant:715.0 90.14068477678455 0.431640625 0.907 0.006556318765602862 0.3592832763381146 10878.064352516081
Elephant:631.0 90.14068477678455 0.431640625 0.907 0.006556318765602862 0.29769427301392215 10878.064352516081
Elephant:553.0 90.14068477678455 0.431640625 0.907 0.006556318765602862 0.31500575177578144 10878.064352516081
Elephant:566.0 90.14068477678455 0.431640625 0.907 0.006556318765602862 0.2903533795889361 10878.064352516081
Elephant:679.0 90.14068477678455 0.431640625 0.907 0.006556318765602862 0.3513426365104134 10878.064352516081
Elephant:677.0 90.14068477678455 0.431640625 0.907 0.006556318765602862 0.37358656354008246 10878.064352516081
Elephant:691.0 90.14068477678455 0.431640625 0.907 0.006556318765602862 0.37836950082577187 10878.064352516081
Elephant:676.0 90.14068477678455 0.431640625 0.907 0.006556318765602862 0.2092094180813523 10878.064352516081
Elephant:385.0 90.14068477678455 0.431640625 0.907 0.006556318765602862 0.055442403455660774 10878.064352516081
Jaguar:516.0 90.31350874067572 0.51318359375 0.936 0.0019039513669769168 0.1352067346822236 5752.407822116447
Jaguar:1021.0 90.31350874067572 0.51318359375 0.936 0.0019039513669769168 0.2920507002381779 5752.407822116447
Jaguar:705.0 90.31350874067572 0.51318359375 0.936 0.0019039513669769168 0.2882879669067835 5752.407822116447
Jaguar:274.0 90.31350874067572 0.51318359375 0.936 0.0019039513669769168 0.17178939000750598 5752.407822116447
Jaguar:183.0 90.31350874067572 0.51318359375 0.936 0.0019039513669769168 0.06165815959998474 5752.407822116447
Jaguar:134.0 90.31350874067572 0.51318359375 0.936 0.0019039513669769168 0.01970813157260131 5752.407822116447
Jaguar:23.0 90.31350874067572 0.51318359375 0.936 0.0019039513669769168 0.002108388924713366 5752.407822116447
Lion:275.0 91.40201338285544 0.03515625 0.973 0.01092743056035697 0.18376117683559337 10114.83530817822
Lion:122.0 91.40201338285544 0.03515625 0.973 0.01092743056035697 0.14890725331984692 10114.83530817822
Lion:120.0 91.40201338285544 0.03515625 0.973 0.01092743056035697 0.1847708832964742 10114.83530817822
Lion:250.0 91.40201338285544 0.03515625 0.973 0.01092743056035697 0.14950044430391699 10114.83530817822
Lion:287.0 91.40201338285544 0.03515625 0.973 0.01092743056035697 0.10140069650343997 10114.83530817822
Lion:242.0 91.40201338285544 0.03515625 0.973 0.01092743056035697 0.2048267297366283 10114.83530817822
Lion:317.0 91.40201338285544 0.03515625 0.973 0.01092743056035697 0.1708449752422998 10114.83530817822
Lion:744.0 91.40201338285544 0.03515625 0.973 0.01092743056035697 0.25882060212820507 10114.83530817822
Lion:479.0 91.40201338285544 0.03515625 0.973 0.01092743056035697 0.1875718888735069 10114.83530817822
Lion:497.0 91.40201338285544 0.03515625 0.973 0.01092743056035697 0.07965590754109007 10114.83530817822
Lion:260.0 91.40201338285544 0.03515625 0.973 0.01092743056035697 0.08710787908205996 10114.83530817822
Lion:562.0 91.40201338285544 0.03515625 0.973 0.01092743056035697 0.12795220919307873 10114.83530817822
Lion:599.0 91.40201338285544 0.03515625 0.973 0.01092743056035697 0.18231474385111532 10114.83530817822
Lion:581.0 91.40201338285544 0.03515625 0.973 0.01092743056035697 0.07656899015294662 10114.83530817822
Lion:473.0 91.40201338285544 0.03515625 0.973 0.01092743056035697 0.17500654321680287 10114.83530817822
Lion:421.0 91.40201338285544 0.03515625 0.973 0.01092743056035697 0.2579741464952559 10114.83530817822
Lion:554.0 91.40201338285544 0.03515625 0.973 0.01092743056035697 0.12980481353015128 10114.83530817822
Lion:392.0 91.40201338285544 0.03515625 0.973 0.01092743056035697 0.025219411891885313 10114.83530817822
